busPwr:
  id: 100
  size: 12 # [Bytes]
  freq: 50 # [Hz]
  endian: "little"
  data:
    battVolts:
      initVal: 1023
      unit: "V"
      startByte: 0 
      bytes: 2
      bits: 10
      c0: -4.368197737
      c1: 0.01759218372
      pin: A3
    voltage3V:
      initVal: 1023
      unit: "V"
      startByte: 2
      bytes: 2
      bits: 10
      c0: 0.00
      c1: 1.00
      pin: A1
    voltage5V:
      initVal: 1023
      unit: "V"  
      startByte: 4
      bytes: 2
      bits: 10
      c0: 0.00
      c1: 1.00
      pin: A2
